50
2000 2016
1980 1981
1905 1979
2320 7891
3967 4642
1980 2004
1582 10000
3196 8116
1712 9198
3953 3984
7316 7700
5821 8614
4673 5899
3291 6926
3102 3991
2060 5901
4483 8631
5235 6232
2621 6784
6695 9027
6111 9703
8508 8652
3049 3637
4862 7799
6426 7445
4232 9838
1603 1661
5512 7330
1794 8016
5688 6721
1994 6938
7467 8435
2011 9593
3020 4779
3670 6526
3741 7430
5378 6644
3781 7385
2104 8590
6665 7232
2863 9518
3234 7162
4412 5663
2022 6273
1622 6972
2727 2963
3704 8750
8982 9946
5563 5619
7700 8972
