500
2
4
6
49
140
316
77
584
302
353
726
853
645
929
649
679
66
293
409
870
354
500
613
684
277
208
159
408
280
593
566
394
803
745
922
87
490
410
73
802
763
85
595
471
231
534
554
600
709
528
867
162
340
54
456
351
91
966
33
63
259
685
9
698
311
520
550
513
140
438
433
414
406
198
221
936
78
947
418
480
804
427
128
845
588
178
692
847
709
748
684
28
877
131
550
394
909
222
955
592
705
92
629
222
863
993
78
43
17
52
309
154
222
414
450
517
518
482
201
916
452
148
869
76
361
311
752
339
734
821
765
319
580
567
946
406
299
197
703
209
489
229
115
336
26
507
993
735
329
917
510
348
824
512
412
612
867
282
993
771
779
216
176
816
600
732
490
863
399
116
374
489
213
39
373
122
140
644
823
25
492
936
465
308
195
450
368
672
5
434
971
976
231
716
446
506
376
793
181
370
544
153
929
567
514
541
937
486
845
849
400
368
425
333
66
847
124
821
199
420
984
502
866
454
300
63
243
773
463
130
757
83
143
295
448
588
495
471
485
950
287
74
588
718
322
237
623
397
31
244
596
981
468
719
178
746
894
80
462
133
525
790
612
868
958
120
239
996
535
402
669
584
631
684
154
321
815
617
608
266
693
752
489
453
718
829
387
615
445
348
71
395
501
998
786
314
286
292
680
33
621
909
635
504
75
642
594
552
484
117
967
309
253
975
206
718
447
579
629
33
907
703
766
503
774
649
639
713
773
68
53
398
187
744
674
870
668
493
477
919
682
548
140
100
870
295
144
133
805
719
24
184
767
239
984
363
503
639
681
745
268
787
368
761
268
828
397
230
993
539
771
61
872
231
42
751
739
181
265
676
720
842
6
968
201
799
63
509
123
874
575
134
305
52
43
88
516
754
566
2
989
339
347
576
962
154
743
431
908
524
436
297
565
377
330
334
408
488
68
108
9
932
797
979
447
709
724
469
25
620
594
989
289
37
806
696
299
479
967
16
786
972
257
69
152
757
400
274
950
661
638
621
316
559
314
105
617
872
466
963
492
530
711
46
49
701
820
450
673
377
420
427
310
930
395
199
736
256
108
826
87
265
645
144
640
177
73
38
430
571
715
927
898
427
965
233
784
657
462
162
